#tax_id	GeneID	PubMed_ID
69	83061948	1779750
69	83061948	16753031
69	83061948	21620858
69	83061949	21219854
69	83061949	30366028
69	83061950	28065880
69	83061951	28065880
69	83061952	28065880
69	83061953	28065880
69	83061954	28065880
69	83061955	28065880
69	83061956	28065880
69	83061957	3295484
69	83061957	11722743
69	83061957	28065880
69	83061957	32929189
69	83061958	2670903
69	83061959	2670903
69	83061960	2670903
69	83061961	28065880
69	83061962	28065880
69	83061963	9370333
69	83061964	11096118
69	83061964	11207567
69	83061965	28065880
69	83061966	26098515
69	83061966	26758938
69	83061967	28065880
69	83061968	26589796
69	83061969	28065880
69	83061970	28065880
69	83061971	28065880
69	83061972	28065880
69	83061973	18361456
69	83061974	28065880
69	83061975	23177982
69	83061976	28065880
69	83061977	28065880
69	83061978	28065880
69	83061979	28065880
69	83061980	28065880
69	83061981	28065880
69	83061982	28065880
69	83061983	28065880
69	83061984	28065880
69	83061985	28065880
69	83061986	8830233
69	83061987	28065880
69	83061988	28065880
69	83061989	28065880
69	83061990	15276832
69	83061990	15629916
69	83061990	16107880
69	83061990	16166552
69	83061990	16199565
69	83061990	16379496
69	83061991	9175471
69	83061992	28065880
69	83061993	18361456
69	83061994	28065880
69	83061995	28065880
69	83061996	28065880
69	83061997	10966457
69	83061998	10500846
69	83061999	12369917
69	83061999	19508187
69	83062000	28065880
69	83062001	28065880
69	83062002	28065880
69	83062003	28065880
69	83062004	28065880
69	83062005	28065880
69	83062006	28065880
69	83062007	28065880
69	83062008	28065880
69	83062009	12675791
69	83062009	15808743
69	83062010	17882259
69	83062010	17882260
69	83062011	28065880
69	83062012	7674922
69	83062013	28065880
69	83062014	28065880
69	83062015	28065880
69	83062016	2110920
69	83062016	11672525
69	83062016	12620104
69	83062016	15684070
69	83062016	15753289
69	83062017	12826405
69	83062018	28065880
69	83062019	28065880
69	83062020	28065880
69	83062021	28065880
69	83062022	10662676
69	83062023	28065880
69	83062024	28065880
69	83062025	16495545
69	83062025	19383799
69	83062026	28065880
69	83062027	28065880
69	83062028	19052323
69	83062029	28065880
69	83062031	28065880
69	83062032	19011748
69	83062032	19011750
69	83062033	28065880
69	83062034	28065880
69	83062035	28065880
69	83062036	28065880
69	83062037	15819891
69	83062037	29750129
69	83062038	11728710
69	83062039	28065880
69	83062040	28065880
69	83062041	24638992
69	83062041	25750732
69	83062042	28065880
69	83062043	28065880
69	83062044	28065880
69	83062045	24638992
69	83062045	25750732
69	83062046	28065880
69	83062047	17062623
69	83062048	28065880
69	83062049	28065880
69	83062050	28065880
69	83062051	28065880
69	83062052	11222749
69	83062052	11988770
69	83062053	15613473
69	83062054	28065880
69	83062055	28065880
69	83062056	28065880
69	83062057	28065880
69	83062058	28065880
69	83062059	28065880
69	83062060	28065880
69	83062061	28065880
69	83062062	28065880
69	83062063	9521684
69	83062064	17567047
69	83062064	17567048
69	83062065	10203754
69	83062066	2060763
69	83062066	26172911
69	83062066	33509775
69	83062067	28065880
69	83062068	10518023
69	83062068	10869070
69	83062069	8655509
69	83062070	16889794
69	83062071	28065880
69	83062072	28065880
69	83062073	28065880
69	83062074	28065880
69	83062075	28065880
69	83062077	9309218
69	83062078	28065880
69	83062079	32868406
69	83062080	28065880
69	83062081	28065880
69	83062082	28065880
69	83062083	28065880
69	83062084	28065880
69	83062085	28065880
69	83062086	28065880
69	83062087	28065880
69	83062088	28065880
69	83062089	15317022
69	83062090	32241912
69	83062091	28065880
69	83062092	1352512
69	83062092	10843862
69	83062093	15767583
69	83062093	20875425
69	83062094	28065880
69	83062095	28065880
69	83062096	28065880
69	83062097	28065880
69	83062098	28065880
69	83062099	28065880
69	83062100	28065880
69	83062101	28065880
69	83062102	9307009
69	83062102	12663943
69	83062102	19706366
69	83062102	25304492
69	83062103	8257110
69	83062103	19047729
69	83062104	23177982
69	83062105	28065880
69	83062106	28065880
69	83062107	28065880
