#tax_id	GeneID	PubMed_ID
10116	24172	9982
10116	24153	94834
10116	24161	198184
10116	24165	310828
10116	24172	518534
10116	24159	704404
10116	24158	734877
10116	24159	734904
10116	24163	1299864
10116	24176	1314813
10116	24157	1347505
10116	24159	1371749
10116	24161	1388675
10116	24163	1551805
10116	24172	1558299
10116	24165	1618849
10116	24175	1645350
10116	24176	1651697
10116	24176	1655856
10116	24176	1664493
10116	24157	1680677
10116	24176	1686765
10116	24165	1689629
10116	24175	1704126
10116	24175	1704314
10116	24173	1706716
10116	24153	1710603
10116	24153	1725450
10116	24163	1802037
10116	24165	1818842
10116	24158	1902818
10116	24161	1914521
10116	24162	1914521
10116	24165	1914521
10116	24163	1932123
10116	24158	1970566
10116	24165	2015347
10116	24165	2015355
10116	24158	2029527
10116	24171	2059221
10116	24176	2153813
10116	24176	2155412
10116	24173	2156222
10116	24174	2158103
10116	24159	2176822
10116	24157	2210380
10116	24165	2212911
10116	24165	2253038
10116	24166	2268329
10116	24159	2295639
10116	24157	2307679
10116	24157	2318981
10116	24157	2365812
10116	24161	2373509
10116	24165	2387582
10116	24158	2393404
10116	24153	2414291
10116	24153	2424486
10116	24153	2432068
10116	24153	2436819
10116	24153	2442306
10116	24153	2448189
10116	24153	2450021
10116	24153	2460123
10116	24153	2466233
10116	24153	2468362
10116	24176	2471888
10116	24153	2473946
10116	24153	2475424
10116	24153	2479532
10116	24163	2550339
10116	24163	2567721
10116	24176	2573754
10116	24153	2581948
10116	24172	2591969
10116	24162	2764916
10116	24158	2777793
10116	24166	2803320
10116	24176	2825184
10116	24176	2834198
10116	24176	2845194
10116	24176	2858976
10116	24172	2881847
10116	24157	2882519
10116	24157	2895531
10116	24172	2940107
10116	24165	2982653
10116	24157	3036803
10116	24162	3160696
10116	24163	3162367
10116	24165	3182793
10116	24165	3518860
10116	24158	3597357
10116	24158	3611054
10116	24176	3690833
10116	24170	3693401
10116	24171	3693401
10116	24165	3746429
10116	24158	3813556
10116	24165	3876160
10116	24163	3880736
10116	24158	3968063
10116	24172	3996732
10116	24165	4010093
10116	24165	4462574
10116	24172	4673366
10116	24176	6140045
10116	24153	6163339
10116	24153	6202298
10116	24176	6247002
10116	24176	6289140
10116	24176	6321299
10116	24172	6370228
10116	24176	6381693
10116	24172	6391957
10116	24165	6609265
10116	24163	6802470
10116	24165	6815190
10116	24172	6816803
10116	24172	7026729
10116	24161	7323947
10116	24161	7444718
10116	24163	7521127
10116	24159	7537756
10116	24176	7588441
10116	24176	7590294
10116	24165	7592575
10116	24170	7592723
10116	24165	7594462
10116	24165	7599635
10116	24176	7621902
10116	24170	7642559
10116	24171	7642559
10116	24152	7665913
10116	24165	7670465
10116	24166	7680413
10116	24161	7686862
10116	24162	7686862
10116	24167	7687425
10116	24165	7691243
10116	24165	7731963
10116	24176	7738011
10116	24172	7748347
10116	24174	7755946
10116	24165	7759315
10116	24163	7798216
10116	24161	7827101
10116	24162	7827101
10116	24166	7835287
10116	24173	7911220
10116	24176	7912752
10116	24176	7977723
10116	24152	7987393
10116	24163	7989357
10116	24173	7989580
10116	24163	8037773
10116	24165	8076377
10116	24163	8081828
10116	24172	8119157
10116	24165	8138195
10116	24165	8171392
10116	24165	8227344
10116	24166	8238511
10116	24176	8308019
10116	24172	8344317
10116	24167	8392197
10116	24167	8394723
10116	24167	8394834
10116	24167	8396727
10116	24167	8396930
10116	24173	8406017
10116	24176	8408243
10116	24165	8452534
10116	24165	8492116
10116	24170	8543181
10116	24171	8543181
10116	24176	8597598
10116	24163	8601690
10116	24158	8615829
10116	24161	8620937
10116	24170	8624703
10116	24170	8626479
10116	24171	8626479
10116	24158	8660691
10116	24165	8663040
10116	24165	8672487
10116	24170	8675693
10116	24159	8688462
10116	24176	8693001
10116	24176	8760245
10116	24176	8763426
10116	24176	8855951
10116	24171	8889548
10116	24165	8894685
10116	24167	8943280
10116	24157	8954134
10116	24172	8973327
10116	24172	9002638
10116	24163	9041140
10116	24157	9053548
10116	24176	9065180
10116	24157	9101583
10116	24167	9115282
10116	24159	9116495
10116	24170	9149697
10116	24158	9164869
10116	24161	9198310
10116	24162	9228031
10116	24176	9235896
10116	24165	9255891
10116	24165	9272950
10116	24176	9305915
10116	24157	9325339
10116	24173	9326654
10116	24165	9361033
10116	24153	9398211
10116	24153	9446838
10116	24153	9453001
10116	24152	9454589
10116	24167	9464636
10116	24165	9478961
10116	24157	9530624
10116	24152	9548375
10116	24175	9552127
10116	24166	9603988
10116	24165	9605386
10116	24171	9679146
10116	24153	9697696
10116	24153	9714181
10116	24157	9716657
10116	24163	9716657
10116	24173	9716657
10116	24176	9730702
10116	24165	9784839
10116	24166	9792613
10116	24161	9824304
10116	24163	9838878
10116	24153	9843780
10116	24166	9864055
10116	24172	10094961
10116	24153	10319853
10116	24176	10358008
10116	24176	10358009
10116	24172	10358022
10116	24163	10369396
10116	24174	10404816
10116	24176	10409266
10116	24173	10409668
10116	24165	10410539
10116	24152	10426381
10116	24161	10480315
10116	24162	10480315
10116	24170	10485892
10116	24171	10485892
10116	24173	10493741
10116	24176	10577992
10116	24171	10602987
10116	24176	10606977
10116	24159	10653665
10116	24166	10698199
10116	24165	10720488
10116	24176	10753752
10116	24165	10845921
10116	24171	10845937
10116	24153	10848441
10116	24153	10880251
10116	24165	10899903
10116	24153	10936700
10116	24161	10940933
10116	24174	10956233
10116	24158	10958805
10116	24176	10995758
10116	24159	11038259
10116	24165	11038259
10116	24165	11067867
10116	24165	11114712
10116	24158	11125071
10116	24165	11125071
10116	24162	11168643
10116	24166	11175907
10116	24176	11214319
10116	24173	11222061
10116	24170	11226670
10116	24158	11306811
10116	24152	11353396
10116	24167	11353814
10116	24176	11408541
10116	24176	11431147
10116	24153	11435418
10116	24165	11435465
10116	24176	11441182
10116	24173	11454900
10116	24153	11498265
10116	24176	11510954
10116	24176	11527135
10116	24176	11557593
10116	24176	11569616
10116	24176	11577089
10116	24165	11591798
10116	24176	11641423
10116	24165	11683239
10116	24166	11687615
10116	24162	11687729
10116	24176	11718682
10116	24162	11731469
10116	24157	11734571
10116	24159	11735100
10116	24165	11772392
10116	24170	11775124
10116	24153	11779202
10116	24166	11784714
10116	24167	11784714
10116	24153	11813239
10116	24153	11839752
10116	24174	11891218
10116	24173	11896179
10116	24161	11912546
10116	24173	11923452
10116	24165	11940672
10116	24153	11952820
10116	24166	11959368
10116	24167	11959368
10116	24161	11971983
10116	24166	11972030
10116	24159	11989980
10116	24165	11999881
10116	24172	12027900
10116	24166	12031689
10116	24153	12042906
10116	24173	12054611
10116	24166	12060780
10116	24174	12068299
10116	24159	12086928
10116	24159	12107176
10116	24174	12121839
10116	24175	12121839
10116	24166	12122016
10116	24153	12125811
10116	24153	12133586
10116	24176	12161655
10116	24165	12163459
10116	24152	12177191
10116	24173	12184796
10116	24165	12194640
10116	24172	12213809
10116	24153	12221929
10116	24153	12223092
10116	24161	12231445
10116	24166	12239106
10116	24173	12270752
10116	24176	12297500
10116	24175	12374873
10116	24175	12379250
10116	24176	12387862
10116	24163	12398221
10116	24166	12399105
10116	24176	12400771
10116	24175	12401319
10116	24166	12409216
10116	24166	12409218
10116	24166	12409220
10116	24166	12409221
10116	24161	12409270
10116	24166	12417650
10116	24167	12417650
10116	24166	12438166
10116	24166	12438169
10116	24176	12442007
10116	24165	12472193
10116	24166	12473665
10116	24153	12477932
10116	24157	12477932
10116	24159	12477932
10116	24161	12477932
10116	24162	12477932
10116	24163	12477932
10116	24165	12477932
10116	24170	12477932
10116	24172	12477932
10116	24173	12477932
10116	24176	12477932
10116	24166	12481158
10116	24153	12494268
10116	24161	12495297
10116	24176	12514203
10116	24166	12524444
10116	24174	12535806
10116	24153	12538697
10116	24175	12591145
10116	24173	12595294
10116	24165	12597017
10116	24152	12601169
10116	24172	12631290
10116	24171	12646192
10116	24166	12646491
10116	24165	12675911
10116	24176	12682000
10116	24172	12759105
10116	24166	12761277
10116	24163	12782300
10116	24173	12782680
10116	24172	12787032
10116	24153	12809600
10116	24173	12818703
10116	24172	12851412
10116	24166	12867270
10116	24173	12871582
10116	24176	12875885
10116	24173	12880866
10116	24176	12925702
10116	24176	12932836
10116	24166	12932850
10116	24175	12946573
10116	24153	12966032
10116	24176	14557466
10116	24157	14561759
10116	24173	14581480
10116	24166	14593074
10116	24165	14607964
10116	24176	14625387
10116	24176	14630341
10116	24152	14633851
10116	24158	14651853
10116	24153	14675603
10116	24175	14712229
10116	24158	14728676
10116	24173	14736874
10116	24166	14742740
10116	24176	14747378
10116	24153	14960360
10116	24166	14983478
10116	24176	15016730
10116	24163	15051954
10116	24158	15060019
10116	24163	15060019
10116	24176	15060019
10116	24166	15093701
10116	24153	15118671
10116	24170	15118671
10116	24171	15118671
10116	24176	15118671
10116	24176	15123695
10116	24172	15123720
10116	24176	15141163
10116	24176	15147203
10116	24176	15162487
10116	24170	15163540
10116	24153	15167684
10116	24165	15168879
10116	24173	15174080
10116	24166	15176082
10116	24166	15181370
10116	24152	15189116
10116	24172	15193143
10116	24175	15207357
10116	24174	15218143
10116	24153	15226301
10116	24173	15231500
10116	24165	15240734
10116	24176	15265530
10116	24153	15272003
10116	24161	15281007
10116	24176	15285793
10116	24167	15344914
10116	24176	15351777
10116	24166	15355970
10116	24158	15358373
10116	24165	15373900
10116	24166	15380005
10116	24170	15474463
10116	24153	15489334
10116	24157	15489334
10116	24161	15489334
10116	24163	15489334
10116	24165	15489334
10116	24172	15489334
10116	24162	15503243
10116	24153	15509519
10116	24176	15518545
10116	24176	15520258
10116	24171	15528469
10116	24161	15586390
10116	24176	15591297
10116	24176	15592462
10116	24162	15604265
10116	24165	15630442
10116	24161	15632090
10116	24166	15641142
10116	24174	15660746
10116	24174	15680702
10116	24176	15682824
10116	24163	15685642
10116	24166	15698618
10116	24176	15699455
10116	24166	15702783
10116	24166	15721490
10116	24176	15724149
10116	24176	15791602
10116	24173	15793568
10116	24173	15795180
10116	24176	15795180
10116	24165	15820509
10116	24176	15840637
10116	24158	15850406
10116	24158	15852996
10116	24158	15863369
10116	24166	15870074
10116	24166	15913892
10116	24166	15917345
10116	24166	15935492
10116	24163	15950652
10116	24176	15961389
10116	24165	15966013
10116	24166	15968088
10116	24167	15968088
10116	24165	15969953
10116	24166	15976009
10116	24167	15976009
10116	24174	15993847
10116	24176	15993847
10116	24166	16004991
10116	24176	16005083
10116	24158	16020546
10116	24173	16026926
10116	24176	16041242
10116	24176	16076286
10116	24176	16082424
10116	24166	16095757
10116	24173	16095979
10116	24170	16100725
10116	24172	16109828
10116	24165	16120121
10116	24158	16121256
10116	24153	16177542
10116	24176	16177600
10116	24166	16181705
10116	24176	16269402
10116	24170	16289097
10116	24176	16292515
10116	24173	16308429
10116	24173	16309668
10116	24176	16368719
10116	24172	16385241
10116	24159	16396499
10116	24167	16401644
10116	24166	16407775
10116	24171	16414955
10116	24170	16420563
10116	24172	16421892
10116	24166	16427158
10116	24166	16483357
10116	24171	16497648
10116	24165	16501670
10116	24153	16538883
10116	24165	16563876
10116	24176	16603198
10116	24175	16605244
10116	24165	16626672
10116	24166	16626868
10116	24167	16626868
10116	24170	16641100
10116	24165	16641873
10116	24165	16670267
10116	24165	16670300
10116	24176	16685203
10116	24166	16687279
10116	24166	16689670
10116	24165	16716042
10116	24165	16754522
10116	24176	16785856
10116	24166	16806497
10116	24167	16820708
10116	24166	16820725
10116	24165	16841096
10116	24159	16854843
10116	24165	16860713
10116	24166	16876955
10116	24167	16876955
10116	24166	16888155
10116	24166	16888157
10116	24166	16888191
10116	24167	16888209
10116	24166	16888211
10116	24167	16888214
10116	24166	16888218
10116	24166	16888221
10116	24167	16888229
10116	24166	16888234
10116	24166	16891268
10116	24161	16893901
10116	24166	16905223
10116	24167	16905223
10116	24176	16908771
10116	24176	16955193
10116	24158	16972171
10116	24166	16989910
10116	24176	17020471
10116	24166	17026529
10116	24176	17027833
10116	24174	17039423
10116	24170	17051589
10116	24167	17065411
10116	24174	17070424
10116	24153	17071617
10116	24170	17082469
10116	24171	17114649
10116	24176	17119919
10116	24172	17126819
10116	24176	17143563
10116	24166	17154257
10116	24176	17158652
10116	24176	17175110
10116	24176	17178264
10116	24166	17181550
10116	24166	17213203
10116	24167	17213203
10116	24174	17215105
10116	24175	17215105
10116	24176	17221209
10116	24152	17247639
10116	24172	17257171
10116	24165	17259686
10116	24174	17277585
10116	24166	17286974
10116	24176	17337326
10116	24161	17353188
10116	24176	17362795
10116	24166	17464199
10116	24166	17470806
10116	24153	17487688
10116	24172	17488809
10116	24166	17498241
10116	24176	17502834
10116	24170	17512505
10116	24174	17516297
10116	24153	17565389
10116	24165	17601796
10116	24176	17621827
10116	24176	17629454
10116	24157	17632588
10116	24166	17641738
10116	24166	17660849
10116	24174	17664026
10116	24175	17664026
10116	24176	17671986
10116	24166	17680996
10116	24167	17680996
10116	24176	17687719
10116	24166	17698245
10116	24174	17716866
10116	24153	17722867
10116	24159	17823126
10116	24176	17828453
10116	24152	17873059
10116	24157	17881773
10116	24159	17882277
10116	24166	17884294
10116	24166	17901570
10116	24176	17911346
10116	24173	17915215
10116	24173	17936747
10116	24165	17942570
10116	24165	17952507
10116	24166	18001699
10116	24176	18006556
10116	24174	18054907
10116	24158	18061544
10116	24159	18062843
10116	24176	18154937
10116	24176	18159608
10116	24166	18160680
10116	24176	18177419
10116	24153	18177927
10116	24166	18198219
10116	24173	18204069
10116	24172	18219182
10116	24166	18243417
10116	24173	18246093
10116	24166	18272663
10116	24176	18287209
10116	24176	18296565
10116	24173	18297111
10116	24166	18313848
10116	24166	18331476
10116	24173	18332105
10116	24173	18336813
10116	24176	18336819
10116	24167	18337184
10116	24165	18340377
10116	24171	18347014
10116	24166	18353507
10116	24167	18353507
10116	24165	18357489
10116	24176	18396264
10116	24176	18408128
10116	24176	18426615
10116	24158	18459129
10116	24173	18467629
10116	24176	18469068
10116	24153	18485748
10116	24176	18487315
10116	24170	18524856
10116	24166	18541665
10116	24167	18541665
10116	24165	18561952
10116	24166	18563302
10116	24167	18563302
10116	24176	18569231
10116	24176	18583384
10116	24167	18592413
10116	24157	18614015
10116	24158	18614015
10116	24159	18614015
10116	24166	18626793
10116	24167	18626793
10116	24171	18634768
10116	24176	18667995
10116	24170	18679149
10116	24176	18680159
10116	24162	18690537
10116	24153	18701465
10116	24166	18707003
10116	24166	18717811
10116	24170	18723693
10116	24166	18727050
10116	24166	18835258
10116	24174	18953403
10116	24166	18959742
10116	24166	18983912
10116	24175	19000416
10116	24159	19056867
10116	24161	19056867
10116	24165	19066225
10116	24172	19068087
10116	24166	19091468
10116	24173	19120133
10116	24165	19166862
10116	24166	19181454
10116	24167	19181454
10116	24166	19220306
10116	24158	19224950
10116	24153	19240864
10116	24161	19246900
10116	24159	19286649
10116	24171	19292454
10116	24173	19302553
10116	24166	19342443
10116	24166	19346254
10116	24167	19416476
10116	24166	19427307
10116	24158	19428797
10116	24174	19450576
10116	24175	19450576
10116	24165	19460251
10116	24166	19474768
10116	24157	19479899
10116	24152	19534427
10116	24165	19559780
10116	24166	19574403
10116	24174	19634638
10116	24166	19647005
10116	24167	19647005
10116	24158	19703432
10116	24170	19731222
10116	24153	19796622
10116	24170	19838659
10116	24171	19838659
10116	24165	19900420
10116	24165	19934879
10116	24157	19946888
10116	24159	19946888
10116	24162	19946888
10116	24153	20005173
10116	24175	20007733
10116	24165	20029210
10116	24167	20093365
10116	24166	20138961
10116	24165	20228181
10116	24166	20229361
10116	24166	20339872
10116	24165	20379753
10116	24166	20422475
10116	24153	20458337
10116	24159	20458337
10116	24159	20460097
10116	24170	20493242
10116	24159	20501872
10116	24166	20554694
10116	24166	20559421
10116	24166	20569302
10116	24153	20579363
10116	24165	20590444
10116	24167	20599818
10116	24175	20607388
10116	24166	20646049
10116	24174	20691504
10116	24175	20691504
10116	24165	20735412
10116	24165	20809996
10116	24153	20848291
10116	24175	20854830
10116	24175	20862454
10116	24173	20882287
10116	24166	20974701
10116	24166	21038678
10116	24158	21084676
10116	24171	21150638
10116	24165	21161045
10116	24153	21188621
10116	24158	21237683
10116	24166	21291921
10116	24165	21320715
10116	24174	21357695
10116	24153	21362503
10116	24170	21423176
10116	24171	21435558
10116	24170	21451595
10116	24159	21454710
10116	24153	21478484
10116	24175	21518261
10116	24167	21539889
10116	24175	21562737
10116	24166	21620115
10116	24167	21620115
10116	24158	21630459
10116	24163	21630459
10116	24153	21642630
10116	24153	21669904
10116	24166	21674129
10116	24167	21693142
10116	24153	21742475
10116	24165	21860532
10116	24152	21873635
10116	24153	21873635
10116	24157	21873635
10116	24158	21873635
10116	24159	21873635
10116	24161	21873635
10116	24162	21873635
10116	24163	21873635
10116	24165	21873635
10116	24166	21873635
10116	24167	21873635
10116	24170	21873635
10116	24171	21873635
10116	24172	21873635
10116	24173	21873635
10116	24174	21873635
10116	24175	21873635
10116	24166	21919910
10116	24152	21949658
10116	24173	21958220
10116	24166	21975601
10116	24166	22001490
10116	24166	22108610
10116	24173	22120526
10116	24165	22169893
10116	24172	22214999
10116	24166	22245521
10116	24173	22302710
10116	24166	22328515
10116	24166	22418790
10116	24153	22434847
10116	24166	22454142
10116	24153	22516433
10116	24165	22623885
10116	24170	22658674
10116	24167	22715380
10116	24173	22723743
10116	24167	22766684
10116	24167	22886412
10116	24175	22892388
10116	24166	22944728
10116	24158	23076603
10116	24166	23080176
10116	24167	23080176
10116	24166	23099490
10116	24159	23225248
10116	24153	23376485
10116	24158	23376485
10116	24161	23376485
10116	24162	23376485
10116	24167	23382219
10116	24172	23413777
10116	24153	23533145
10116	24159	23533145
10116	24161	23533145
10116	24162	23533145
10116	24166	23564451
10116	24166	23594614
10116	24166	23690336
10116	24167	23690336
10116	24166	23798575
10116	24166	23800469
10116	24166	23801193
10116	24167	23801193
10116	24166	23913443
10116	24159	23932781
10116	24165	24286264
10116	24167	24352804
10116	24167	24508136
10116	24173	24567387
10116	24159	24625528
10116	24171	24652215
10116	24166	24696163
10116	24166	24823390
10116	24166	24928446
10116	24166	24968020
10116	24166	24998751
10116	24162	25013167
10116	24175	25218984
10116	24165	25278365
10116	24173	25283507
10116	24174	25407049
10116	24175	25407049
10116	24158	25416781
10116	24171	25425738
10116	24159	25450640
10116	24170	25468996
10116	24166	25490058
10116	24165	25547995
10116	24173	25630693
10116	24166	25712659
10116	24165	25720338
10116	24173	25775528
10116	24165	25955284
10116	24166	25964356
10116	24170	25978380
10116	24161	26213100
10116	24159	26296893
10116	24158	26316108
10116	24161	26316108
10116	24171	26639316
10116	24153	26746007
10116	24158	26767982
10116	24166	26880766
10116	24153	26895739
10116	24165	26918693
10116	24172	27151647
10116	24166	27181029
10116	24167	27181029
10116	24165	27221867
10116	24165	27300446
10116	24153	27301375
10116	24166	27383213
10116	24165	27491636
10116	24165	27694000
10116	24165	27832996
10116	24174	27901063
10116	24173	27923787
10116	24166	28057459
10116	24166	28106040
10116	24166	28125843
10116	24153	28266892
10116	24166	28751044
10116	24166	28776455
10116	24163	28859281
10116	24166	28902127
10116	24152	29219041
10116	24173	29229557
10116	24153	29476059
10116	24170	29476059
10116	24171	29476059
10116	24173	29624247
10116	24161	30053369
10116	24171	30053369
10116	24165	30269308
10116	24165	30280312
10116	24166	30359769
10116	24166	30513524
10116	24166	30579677
10116	24165	30679022
10116	24174	30929926
10116	24165	31375946
10116	24167	32142016
10116	24166	32186931
10116	24167	32186931
10116	24158	32227582
10116	24174	32340145
10116	24159	32357304
10116	24166	32439415
10116	24153	32747830
10116	24166	33191400
10116	24159	33450132
10116	24173	34062902
10116	24166	34639032
10116	24167	35001657
10116	24166	35460713
10116	24167	35460713
10116	24167	36430275
10116	24166	36604785
10116	24166	36801394
10116	24166	36842389
10116	24153	36894970
10116	24166	37511603
10116	24167	37511603
10116	24166	37646964
10116	24166	37775045
10116	24166	37880634
x	x	x
