#tax_id	GeneID	PubMed_ID
24	67441593	1779750
24	67441593	16753031
24	67441593	21620858
24	67441594	21219854
24	67441594	30366028
24	67441595	15186413
24	67441595	19451222
24	67441595	26874520
24	67441595	37081315
24	67441595	37125644
24	67441598	9490048
24	67441600	8502545
24	67441601	7754395
24	67441601	8550522
24	67441601	8590465
24	67441601	9144792
24	67441601	9878395
24	67441602	11886751
24	67441604	368024
24	67441604	2191949
24	67441604	6350283
24	67441604	7012144
24	67441605	1699931
24	67441607	15103642
24	67441610	12829264
24	67441610	30191942
24	67441612	20333436
24	67441616	9126850
24	67441618	7768823
24	67441618	10482496
24	67441618	12123453
24	67441618	14617176
24	67441620	19208647
24	67441621	1325384
24	67441621	21775474
24	67441621	22378793
24	67441626	11696553
24	67441626	15500694
24	67441630	11557134
24	67441631	1409539
24	67441636	20434458
24	67441639	17981968
24	67441639	20021644
24	67441639	21636901
24	67441639	32057832
24	67441641	26678554
24	67441642	19919105
24	67441642	39136457
24	67441643	10735872
24	67441643	11092948
24	67441643	11709175
24	67441648	10531340
24	67441650	9334165
24	67441653	9084178
24	67441655	15500694
24	67441657	10648531
24	67441658	9445404
24	67441658	12691742
24	67441662	10480925
24	67441662	20851704
24	67441666	31235512
24	67441668	12719427
24	67441669	1864505
24	67441669	1977073
24	67441669	2229036
24	67441669	9872322
24	67441670	30672551
24	67441672	8830233
24	67441673	27049771
24	67441674	9175471
24	67441674	10940244
24	67441674	15581578
24	67441674	26818562
24	67441674	27367672
24	67441678	1864505
24	67441678	1977073
24	67441678	2229036
24	67441678	9872322
24	67441679	9868367
24	67441680	7751275
24	67441692	2162835
24	67441694	11557134
24	67441697	18361456
24	67441698	10966457
24	67441698	11226872
24	67441698	31100988
24	67441699	15124630
24	67441702	28409190
24	67441704	3533941
24	67441704	7932717
24	67441704	8989318
24	67441704	9016718
24	67441704	15979641
24	67441704	21345178
24	67441704	24813471
24	67441704	25893523
24	67441704	28861396
24	67441705	7854424
24	67441705	12914698
24	67441705	14633991
24	67441706	8755871
24	67441706	17242308
24	67441707	26716576
24	67441707	29070681
24	67441709	11904168
24	67441709	12732651
24	67441711	10966457
24	67441712	10966457
24	67441712	11226872
24	67441712	31100988
24	67441714	8586275
24	67441715	23078170
24	67441721	7868617
24	67441721	23572593
24	67441722	26246409
24	67441722	31866287
24	67441722	33774036
24	67441723	12644381
24	67441724	10954195
24	67441725	1336371
24	67441725	8118433
24	67441725	9378722
24	67441733	9380672
24	67441735	8798618
24	67441735	9555905
24	67441736	6094487
24	67441736	6251087
24	67441736	6997313
24	67441736	7026564
24	67441736	16816185
24	67441739	7920261
24	67441739	8805513
24	67441739	9020778
24	67441739	12492849
24	67441741	7929447
24	67441746	2110445
24	67441748	8763936
24	67441748	12198166
24	67441748	20281307
24	67441749	11459176
24	67441756	9331418
24	67441756	10588692
24	67441756	11866529
24	67441757	9600930
24	67441757	15491605
24	67441758	2110445
24	67441764	10512703
24	67441764	31594927
24	67441765	9862810
24	67441765	12225755
24	67441765	13130133
24	67441765	31594927
24	67441767	786730
24	67441767	15561149
24	67441767	31594927
24	67441768	31594927
24	67441770	8805509
24	67441771	11345438
24	67441772	11866091
24	67441773	9746356
24	67441773	11574053
24	67441773	12904577
24	67441773	15049826
24	67441774	9061793
24	67441774	31594927
24	67441777	363452
24	67441777	9642068
24	67441778	3463963
24	67441779	2204629
24	67441781	10656825
24	67441781	11168885
24	67441781	12904577
24	67441781	31594927
24	67441782	14536072
24	67441782	15525707
24	67441782	15876367
24	67441783	2459389
24	67441783	3191988
24	67441783	7007074
24	67441783	12937172
24	67441783	31594927
24	67441784	1400226
24	67441784	1699930
24	67441784	1906866
24	67441784	4587210
24	67441784	7559430
24	67441784	9707415
24	67441784	11401563
24	67441784	11447122
24	67441787	12486054
24	67441787	15465823
24	67441787	16373344
24	67441787	16824107
24	67441787	17419738
24	67441789	10998170
24	67441793	8752349
24	67441793	14758542
24	67441793	15937187
24	67441794	20382024
24	67441794	21958041
24	67441797	15558583
24	67441806	7699720
24	67441807	10339418
24	67441807	10637609
24	67441812	10940244
24	67441812	15581578
24	67441812	26818562
24	67441812	27367672
24	67441813	10339418
24	67441813	10637609
24	67441814	10966457
24	67441814	11226872
24	67441814	31100988
24	67441815	15124630
24	67441821	8257110
24	67441821	19047729
24	67441822	7742302
24	67441822	12604210
24	67441822	19011748
24	67441822	19011750
24	67441823	12604184
24	67441823	15659684
24	67441824	8830233
24	67441825	18361456
24	67441826	7699720
24	67441828	9075641
24	67441829	31214985
24	67441829	31792365
24	67441834	10387030
24	67441838	28409190
24	67441839	9022682
24	67441839	21247153
24	67441841	9519409
24	67441842	11119645
24	67441843	11886751
24	67441845	28409190
24	67441846	7473063
24	67441846	17050691
24	67441847	31235512
24	67441848	7890743
24	67441852	7665460
24	67441852	7665518
24	67441852	8491722
24	67441852	8841567
24	67441852	10415172
24	67441852	14756792
24	67441853	24638992
24	67441853	25750732
24	67441854	15124630
24	67441855	10966457
24	67441855	11226872
24	67441855	31100988
24	67441857	10383384
24	67441863	7775463
24	67441863	12765833
24	67441863	12765834
24	67441863	16818874
24	67441863	21226054
24	67441864	17924666
24	67441864	20421301
24	67441869	9622352
24	67441869	23570569
24	67441870	7592388
24	67441870	11682196
24	67441870	15306016
24	67441870	15569936
24	67441871	27665757
24	67441871	30793344
24	67441875	11568181
24	67441875	27200345
24	67441877	29180814
24	67441879	23089953
24	67441880	10473770
24	67441880	10556324
24	67441880	14697267
24	67441880	15808743
24	67441882	10940244
24	67441882	15581578
24	67441882	26818562
24	67441882	27367672
24	67441884	28128551
24	67441885	20143871
24	67441885	20487277
24	67441885	26478181
24	67441886	31932311
24	67441886	33498357
24	67441894	10941792
24	67441895	9849875
24	67441895	12839983
24	67441895	15221203
24	67441895	30012603
24	67441897	10220322
24	67441897	11796111
24	67441900	8805533
24	67441907	18242643
24	67441908	12761179
24	67441908	17954692
24	67441913	34210798
24	67441913	34815358
24	67441914	1512253
24	67441914	14767080
24	67441918	28683122
24	67441920	3123465
24	67441920	11278255
24	67441922	31594927
24	67441925	19913036
24	67441926	21569384
24	67441929	11119645
24	67441929	11557134
24	67441929	15063857
24	67441929	15075296
24	67441929	15142243
24	67441929	15569936
24	67441929	16923812
24	67441929	18366254
24	67441929	21757706
24	67441931	9096353
24	67441934	7535376
24	67441934	9150211
24	67441934	10671442
24	67441935	8358828
24	67441935	9930671
24	67441937	10876091
24	67441937	24659771
24	67441938	4563986
24	67441938	10572301
24	67441938	22561317
24	67441939	10986263
24	67441939	12626683
24	67441942	16322581
24	67441942	28201974
24	67441944	9218784
24	67441944	10356330
24	67441944	25130693
24	67441948	10792716
24	67441948	16936019
24	67441948	16936026
24	67441948	17185541
24	67441948	19233928
24	67441948	20870765
24	67441949	15387815
24	67441949	15516588
24	67441949	15752196
24	67441949	31594927
24	67441950	8016071
24	67441951	10026271
24	67441954	12873133
24	67441954	15272299
24	67441954	15488768
24	67441954	16120599
24	67441964	11119645
24	67441967	12634324
24	67441967	25416690
24	67441968	9546395
24	67441968	20926683
24	67441970	9422602
24	67441970	10960098
24	67441973	16475788
24	67441973	18360740
24	67441974	12837779
24	67441974	13678585
24	67441974	14499605
24	67441975	11867724
24	67441976	8552646
24	67441976	9041652
24	67441976	9260289
24	67441977	15664940
24	67441979	28409190
24	67441985	7493321
24	67441993	20599753
24	67441993	29769716
24	67441994	9722513
24	67441999	9168604
24	67442004	16870393
24	67442005	12626684
24	67442010	8586275
24	67442011	20012272
24	67442012	10542406
24	67442012	17766116
24	67442012	18267007
24	67442013	10542406
24	67442013	17766116
24	67442018	10846211
24	67442018	16965515
24	67442018	28583947
24	67442018	32080219
24	67442019	15049826
24	67442019	22196016
24	67442023	7565110
24	67442029	11226268
24	67442030	8438237
24	67442030	11266368
24	67442040	7781919
24	67442040	8800467
24	67442040	24550515
24	67442043	8387996
24	67442045	30087168
24	67442045	35226662
24	67442047	8604133
24	67442047	12029038
24	67442050	24638992
24	67442050	25750732
24	67442051	24638992
24	67442051	25750732
24	67442052	15816170
24	67442053	23177982
24	67442058	7932691
24	67442058	9417933
24	67442058	10436082
24	67442058	22724448
24	67442058	33355339
24	67442058	34986320
24	67442059	33639093
24	67442065	19736993
24	67442065	20007320
24	67442067	20691189
24	67442067	25447517
24	67442067	28186120
24	67442071	31214985
24	67442071	31792365
24	67442072	31075979
24	67442073	11557134
24	67442075	22367867
24	67442077	22367867
24	67442079	33925937
24	67442080	7751291
24	67442082	8057835
24	67442087	6356036
24	67442087	10201405
24	67442087	10769117
24	67442087	15865426
24	67442089	21550983
24	67442089	30510144
24	67442089	30837332
24	67442094	7817395
24	67442094	7920259
24	67442094	9358175
24	67442094	27131500
24	67442098	11432728
24	67442099	16889794
24	67442101	9862990
24	67442101	10322435
24	67442102	15358371
24	67442102	20455546
24	67442103	26098515
24	67442103	26758938
24	67442108	12369917
24	67442108	19508187
24	67442109	17109392
24	67442110	9393691
24	67442113	18361456
24	67442114	10966457
24	67442114	11226872
24	67442114	31100988
24	67442115	15124630
24	67442116	11124031
24	67442116	21345179
24	67442116	26305456
24	67442116	28620358
24	67442116	29991587
24	67442116	31594927
24	67442117	10517866
24	67442117	30708253
24	67442119	30174149
24	67442125	18165013
24	67442125	20738376
24	67442127	8057835
24	67442128	11952791
24	67442128	16388601
24	67442128	21747791
24	67442128	38285932
24	67442134	29371424
24	67442136	18165013
24	67442136	20738376
24	67442139	35817891
24	67442141	12369917
24	67442141	19508187
24	67442141	35631755
24	67442142	31594927
24	67442147	7699720
24	67442150	1864505
24	67442150	1977073
24	67442150	2229036
24	67442150	9872322
24	67442152	32967357
24	67442153	11823455
24	67442154	21498507
24	67442155	15808743
24	67442156	38809013
24	67442158	9409145
24	67442158	17712603
24	67442159	10943564
24	67442160	11129791
24	67442160	11529502
24	67442161	10941792
24	67442162	32073314
24	67442163	8257110
24	67442163	15808743
24	67442163	19047729
24	67442165	10049801
24	67442165	11340060
24	67442165	15944406
24	67442166	12475168
24	67442168	25424032
24	67442168	30515528
24	67442169	8917074
24	67442169	8973350
24	67442169	9180700
24	67442172	7868596
24	67442172	9622348
24	67442173	12405346
24	67442175	9537369
24	67442179	16765569
24	67442179	17056748
24	67442181	6246070
24	67442181	12639950
24	67442189	24463011
24	67442198	12369917
24	67442198	19508187
24	67442199	11442831
24	67442199	12679025
24	67442200	27796471
24	67442201	24595368
24	67442201	32579605
24	67442201	34646253
24	67442202	365580
24	67442202	3884974
24	67442203	3884974
24	67442203	31594927
24	67442206	19502394
24	67442209	26098515
24	67442209	26758938
24	67442212	17588514
24	67442212	22938024
24	67442213	31594927
24	67442221	20636484
24	67442226	9044294
24	67442226	10879525
24	67442226	25893523
24	67442234	9278480
24	67442234	10047575
24	67442234	10577069
24	67442235	37972151
24	67442240	37972151
24	67442243	14659759
24	67442244	7817395
24	67442244	7920259
24	67442244	9358175
24	67442244	27131500
24	67442247	17368670
24	67442248	7868617
24	67442248	23572593
24	67442249	7868617
24	67442249	23572593
24	67442258	7817395
24	67442258	7920259
24	67442258	9358175
24	67442258	27131500
24	67442264	10754241
24	67442264	29371424
24	67442266	1650347
24	67442266	11313145
24	67442277	9278480
24	67442277	10047575
24	67442277	10577069
24	67442278	7646486
24	67442278	9927482
24	67442280	18300248
24	67442286	18361456
24	67442289	21502530
24	67442291	11790843
24	67442291	17215140
24	67442291	17557829
24	67442291	33356117
24	67442291	33523590
24	67442293	27839948
24	67442294	12625841
24	67442294	19913036
24	67442296	31075979
24	67442302	9818380
24	67442302	16285916
24	67442303	28409190
24	67442304	7593598
24	67442305	9049268
24	67442305	10655484
24	67442306	9384574
24	67442306	19678842
24	67442309	11847124
24	67442309	20102603
24	67442310	8289782
24	67442312	10940244
24	67442312	15581578
24	67442312	26818562
24	67442312	27367672
24	67442317	10455032
24	67442319	8257110
24	67442319	15808743
24	67442319	19047729
24	67442322	22861350
24	67442326	27442597
24	67442334	8808921
24	67442335	26083743
24	67442336	9521670
24	67442337	10529352
24	67442338	9214624
24	67442338	9799792
24	67442342	1317840
24	67442342	11276866
24	67442342	29069499
24	67442343	31075979
24	67442344	9573603
24	67442351	10966457
24	67442351	11226872
24	67442351	31100988
24	67442352	18361456
24	67442354	3031428
24	67442355	9560382
24	67442355	11470487
24	67442355	14517983
24	67442360	11248187
24	67442361	11248187
24	67442362	17176038
24	67442362	33435370
24	67442368	16498616
24	67442371	10940244
24	67442371	15581578
24	67442371	26818562
24	67442371	27367672
24	67442373	10403759
24	67442375	10940244
24	67442375	15581578
24	67442375	26818562
24	67442375	27367672
24	67442377	9245800
24	67442377	16209952
24	67442381	8611562
24	67442381	8755891
24	67442384	2124145
24	67442384	6689547
24	67442384	22348148
24	67442385	7763137
24	67442385	12668779
24	67442387	12101001
24	67442387	16872527
24	67442387	27315164
24	67442395	10941792
24	67442396	32073314
24	67442398	12504684
24	67442400	28373867
24	67442401	7536035
24	67442401	7830566
24	67442401	8168498
24	67442401	8645242
24	67442401	10391895
24	67442401	10841975
24	67442402	9110030
24	67442404	10940244
24	67442404	15581578
24	67442404	26818562
24	67442404	27367672
24	67442405	10482511
24	67442406	10482511
24	67442409	12626684
24	67442415	10581551
24	67442415	11425747
24	67442415	23067389
24	67442417	10419476
24	67442417	11583838
24	67442419	22035660
24	67442419	24099005
24	67442422	31075979
24	67442432	28409190
24	67442433	11432728
24	67442435	7854424
24	67442439	17109392
24	67442440	21931214
24	67442440	31359602
24	67442447	12409204
24	67442452	11248187
24	67442453	11248187
24	67442454	23558683
24	67442455	26644436
24	67442456	9409768
24	67442456	9867433
24	67442456	33460502
24	67442457	9409768
24	67442457	9867433
24	67442457	33460502
24	67442458	18165013
24	67442458	20738376
24	67442459	15276832
24	67442459	15629916
24	67442459	16107880
24	67442459	16166552
24	67442459	16199565
24	67442459	16379496
24	67442460	8257110
24	67442460	15808743
24	67442460	19047729
24	67442461	11432728
24	67442462	28409190
24	67442471	24638992
24	67442471	25750732
24	67442473	2670903
24	67442474	3295484
24	67442474	11722743
24	67442474	32929189
24	67442477	19319934
24	67442477	26807477
24	67442480	8805533
24	67442481	1400197
24	67442481	8661920
24	67442484	10943564
24	67442490	16285924
24	67442490	31594927
24	67442491	15554976
24	67442491	15836769
24	67442491	16980477
24	67442491	17360576
24	67442491	18456812
24	67442493	11514515
24	67442493	12089010
24	67442493	12879215
24	67442496	28409190
24	67442498	2670894
24	67442498	3031429
24	67442499	8064863
24	67442500	10225425
24	67442504	23831760
24	67442504	24819062
24	67442504	25767118
24	67442505	8809778
24	67442505	9364917
24	67442505	11106641
24	67442505	12655402
24	67442510	17113994
24	67442519	18361456
24	67442520	7699720
24	67442528	10473770
24	67442528	12829264
24	67442528	15808743
24	67442528	28436329
24	67442528	28512703
24	67442530	28409190
24	67442536	16498617
24	67442536	28612943
24	67442551	15477603
24	67442551	30325949
24	67442554	11119645
24	67442556	10074353
24	67442557	11574054
24	67442557	14727089
24	67442557	16397293
24	67442565	22986056
24	67442567	8031825
24	67442570	12829264
24	67442570	30191942
24	67442570	31594927
24	67442572	11274131
24	67442574	11584022
24	67442574	12672810
24	67442574	15388946
24	67442575	26912896
24	67442578	15249686
24	67442580	8899718
24	67442583	18212071
24	67442584	18241884
24	67442585	18241884
24	67442586	8293810
24	67442586	8843440
24	67442586	10760266
24	67442586	12218023
24	67442586	12366843
24	67442590	8673609
24	67442592	37145875
24	67442593	17567047
24	67442593	17567048
24	67442594	35417463
24	67442595	20836887
24	67442597	9573603
24	67442598	15272169
24	67442607	9573603
24	67442610	34801550
24	67442617	24361254
24	67442617	33460580
24	67442619	18165013
24	67442619	20738376
24	67442623	17284460
24	67442624	31594927
24	67442625	22378793
24	67442626	17308305
24	67442626	17645809
24	67442627	9651328
24	67442630	14999102
24	67442631	9851998
24	67442631	12741822
24	67442631	32286264
24	67442631	33947763
24	67442632	3009457
24	67442632	15210699
24	67442635	12101001
24	67442635	16872527
24	67442635	27315164
24	67442638	11182894
24	67442640	22363723
24	67442647	11129791
24	67442647	11529502
24	67442648	28524849
24	67442652	8805537
24	67442654	20054296
24	67442655	9054511
24	67442655	12582120
24	67442656	24214945
24	67442656	25009841
24	67442657	9914257
24	67442662	22287519
24	67442662	22609911
24	67442671	8412698
24	67442671	8606151
24	67442671	17496148
24	67442672	8264535
24	67442672	9159522
24	67442672	9335303
24	67442673	21930951
24	67442673	27137929
24	67442673	27472653
24	67442673	28096346
24	67442675	20677811
24	67442675	24274754
24	67442676	31465450
24	67442677	2544549
24	67442679	7559576
24	67442683	11735405
24	67442685	9422595
24	67442685	15496525
24	67442686	6337136
24	67442686	15060037
24	67442687	31594927
24	67442688	2903857
24	67442689	20944228
24	67442699	11432728
24	67442700	10940244
24	67442700	15581578
24	67442700	26818562
24	67442700	27367672
24	67442703	16788180
24	67442712	1601874
24	67442714	16229471
24	67442714	30536999
24	67442715	20512568
24	67442721	15307895
24	67442726	15808743
24	67442727	9099998
24	67442727	10049365
24	67442727	11441809
24	67442727	12074972
24	67442727	15558583
24	67442728	31059239
24	67442729	31059239
24	67442731	7577935
24	67442732	1688427
24	67442734	24142257
24	67442735	15808743
24	67442736	12426124
24	67442738	24142257
24	67442739	9099998
24	67442739	10049365
24	67442739	11441809
24	67442739	12074972
24	67442739	15558583
24	67442740	26991003
24	67442741	26991003
24	67442743	12759755
24	67442744	12732303
24	67442747	18300248
24	67442750	9278480
24	67442750	10047575
24	67442750	10577069
24	67442752	15699355
24	67442752	15860775
24	67442752	15958166
24	67442752	15972795
24	67442752	15978085
24	67442755	9973334
24	67442768	10498949
24	67442768	28670937
24	67442769	15998457
24	67442771	17005418
24	67442772	8576033
24	67442773	11340058
24	67442773	11949930
24	67442776	11557134
24	67442778	22511334
24	67442778	24449932
24	67442778	34302342
24	67442782	26246409
24	67442782	31866287
24	67442782	33774036
24	67442784	27694801
24	67442786	9175471
24	67442786	11893502
24	67442787	7646486
24	67442787	9927482
24	67442788	19201793
24	67442788	24274019
24	67442795	9482846
24	67442798	9260952
24	67442798	10438787
24	67442800	9209060
24	67442800	11443125
24	67442800	18604845
24	67442800	21724998
24	67442802	8188587
24	67442802	19047729
24	67442803	1409539
24	67442809	9592142
24	67442809	17567612
24	67442809	19000038
24	67442810	31023582
24	67442810	31528633
24	67442810	33139383
24	67442811	11119645
24	67442812	10517866
24	67442812	30708253
24	67442816	3537313
24	67442816	27665757
24	67442816	31594927
24	67442817	27665757
24	67442819	7674922
24	67442820	11215509
24	67442821	17700703
24	67442821	19798051
24	67442821	21958115
24	67442822	9175471
24	67442822	10940244
24	67442822	15581578
24	67442822	26818562
24	67442822	27367672
24	67442825	12504684
24	67442825	12826405
24	67442828	9886293
24	67442831	10498949
24	67442831	28670937
24	67442833	28409190
24	67442834	29487229
24	67442840	2156169
24	67442840	2159661
24	67442840	2175712
24	67442840	8626538
24	67442840	17351295
24	67442849	15767583
24	67442849	20875425
24	67442855	9175471
24	67442855	11893502
24	67442862	9689210
24	67442863	7868604
24	67442863	8226647
24	67442864	9868367
24	67442864	34928179
24	67442865	9294453
24	67442867	19688379
24	67442869	7615523
24	67442870	15857829
24	67442870	17210578
24	67442874	25171339
24	67442878	10753930
24	67442879	15371447
24	67442879	15980063
24	67442880	9197543
24	67442884	3132458
24	67442884	14527414
24	67442884	15044829
24	67442885	16166544
24	67442886	10322168
24	67442886	12530521
24	67442886	17437059
24	67442888	20206133
24	67442895	9175471
24	67442895	10940244
24	67442895	15581578
24	67442895	26818562
24	67442895	27367672
24	67442898	16788180
24	67442899	8257110
24	67442899	15808743
24	67442899	19047729
24	67442900	31501539
24	67442901	17074894
24	67442907	29487229
24	67442908	9417084
24	67442911	19011750
24	67442911	20423462
24	67442914	28409190
24	67442916	15272169
24	67442917	7857927
24	67442917	8356049
24	67442917	11514662
24	67442920	1339433
24	67442920	2647728
24	67442920	8766712
24	67442924	12958362
24	67442925	9419228
24	67442925	17219055
24	67442925	20962537
24	67442928	8805513
24	67442928	9261083
24	67442929	11119645
24	67442932	22493430
24	67442933	9016718
24	67442933	9350875
24	67442939	10529352
24	67442940	1303751
24	67442942	22731697
24	67442944	28409190
24	67442947	10943564
24	67442954	29351743
24	67442955	24563032
24	67442956	28409190
24	67442963	22524624
24	67442964	1409539
24	67442964	12369917
24	67442965	20418444
24	67442966	20418444
24	67442967	15522763
24	67442967	35871440
24	67442971	7674922
24	67442972	15238632
24	67442977	9287000
24	67442978	9409145
24	67442978	17712603
24	67442983	15128444
24	67442984	28446608
24	67442986	9119199
24	67442991	17189359
24	67442991	17675441
24	67442993	16788180
24	67442994	16788180
24	67442995	8407793
24	67442995	20516589
24	67442995	26684538
24	67442995	31594927
24	67442995	35012344
24	67442996	8407793
24	67442996	12446835
24	67442999	8253666
24	67443007	15175291
24	67443007	15837180
24	67443009	9575205
24	67443009	9593294
24	67443011	20010798
24	67443012	12429090
24	67443012	20970503
24	67443012	32358557
24	67443013	25370725
24	67443014	1864505
24	67443014	1977073
24	67443014	2229036
24	67443014	9872322
24	67443018	24638992
24	67443018	25750732
24	67443018	26517916
24	67443019	15485810
24	67443020	8598199
24	67443021	12562786
24	67443021	14594833
24	67443021	19775245
24	67443021	27698088
24	67443022	16468999
24	67443025	1953661
24	67443025	28178629
24	67443031	17768248
24	67443031	18506422
24	67443034	31214985
24	67443034	31792365
24	67443038	3295484
24	67443038	11722743
24	67443038	32929189
24	67443039	2670903
24	67443042	11119645
24	67443042	11557134
24	67443042	15063857
24	67443042	15075296
24	67443042	15142243
24	67443042	15569936
24	67443042	16923812
24	67443042	18366254
24	67443042	21757706
24	67443045	10940244
24	67443045	15581578
24	67443045	26818562
24	67443045	27367672
24	67443046	10093218
24	67443048	9309218
24	67443049	17768248
24	67443049	18506422
24	67443061	17337586
24	67443061	25456817
24	67443064	9358034
24	67443065	21905121
24	67443067	15522865
24	67443067	22685278
24	67443067	24659770
24	67443067	28469239
24	67443068	10339418
24	67443068	10637609
24	67443069	29072073
24	67443069	37314331
24	67443072	30710060
24	67443076	12119303
24	67443077	9575203
24	67443080	8501034
24	67443080	16352848
24	67443080	18174128
24	67443085	21820381
24	67443091	10322168
24	67443091	12530521
24	67443091	17437059
24	67443095	8387996
24	67443098	17645809
24	67443098	19058030
24	67443099	10593943
24	67443099	10600651
24	67443099	14523010
24	67443100	7768883
24	67443102	31594927
24	67443103	11152607
24	67443103	16441657
24	67443113	32877915
24	67443113	34644530
24	67443115	3301838
24	67443120	9857048
24	67443121	19502394
24	67443123	11959124
24	67443126	21252278
24	67443129	16207916
24	67443137	3005231
24	67443139	11276424
24	67443140	10940244
24	67443140	15581578
24	67443140	26818562
24	67443140	27367672
24	67443141	9175471
24	67443141	10940244
24	67443141	15581578
24	67443141	26818562
24	67443141	27367672
24	67443148	8682799
24	67443148	30123203
24	67443150	21820381
24	67443156	9644977
24	67443156	15170475
24	67443161	17010378
24	67443161	17337586
24	67443161	17389639
24	67443162	11012661
24	67443162	11441809
24	67443162	14713336
24	67443165	12473202
24	67443167	23897463
24	67443170	11022030
24	67443171	10671556
24	67443177	10529352
24	67443178	1303751
24	67443182	12634339
24	67443182	15583399
24	67443184	9693059
24	67443186	12107143
24	67443186	15741337
24	67443194	6280140
24	67443197	1991724
24	67443198	2163618
24	67443198	2167474
24	67443201	10940244
24	67443201	15581578
24	67443201	26818562
24	67443201	27367672
24	67443204	10943564
24	67443207	8257110
24	67443207	15808743
24	67443207	19047729
24	67443211	19191354
24	67443214	7756254
24	67443214	9301332
24	67443214	9382818
24	67443214	15009198
24	67443216	7929345
24	67443216	8093613
24	67443216	11544242
24	67443216	12562793
24	67443216	16390457
24	67443219	10830113
24	67443219	12579041
24	67443228	7577935
24	67443229	23539602
24	67443229	23539603
24	67443231	20559013
24	67443232	8257110
24	67443232	19047729
24	67443237	1885529
24	67443238	32073314
24	67443239	10941792
24	67443240	10940244
24	67443240	15581578
24	67443240	26818562
24	67443240	27367672
24	67443244	8626329
24	67443244	15784968
24	67443252	8102604
24	67443252	8366018
24	67443252	12663926
24	67443256	11948170
24	67443260	8257110
24	67443260	15808743
24	67443260	19047729
24	67443261	15264822
24	67443261	16849108
24	67443262	30978223
24	67443263	7742302
24	67443263	12604210
24	67443263	19011748
24	67443263	19011750
24	67443266	8257110
24	67443266	15808743
24	67443266	19047729
24	67443267	26098515
24	67443267	26758938
24	67443269	2164013
24	67443269	15520374
24	67443276	15102780
24	67443277	16166544
24	67443283	22224599
24	67443285	12678841
24	67443285	12882518
24	67443285	27676368
24	67443287	10940244
24	67443287	15581578
24	67443287	26818562
24	67443287	27367672
24	67443288	17613524
24	67443292	16617437
24	67443292	22378793
24	67443296	12369917
24	67443296	19508187
24	67443299	14569005
24	67443301	11350934
24	67443309	7476172
24	67443309	8866482
24	67443310	8226659
24	67443310	24555072
24	67443311	1352512
24	67443311	10843862
24	67443312	10882093
24	67443312	17196158
24	67443313	12504684
24	67443314	9309218
24	67443315	10788800
24	67443315	25965344
24	67443324	6280140
24	67443325	6280140
24	67443328	12429060
24	67443329	10206693
24	67443329	12057976
24	67443330	8430515
24	67443330	9559052
24	67443332	20212037
24	67443333	9126850
24	67443336	12504684
24	67443336	12826405
24	67443337	11557134
24	67443346	9175471
24	67443346	10940244
24	67443346	15581578
24	67443350	28409190
24	67443352	9278480
24	67443352	10047575
24	67443352	10577069
24	67443356	15808743
24	67443357	29555683
24	67443357	33045733
24	67443357	33290744
24	67443358	29555683
24	67443358	33045733
24	67443358	33290744
24	67443361	18300248
24	67443363	21645851
24	67443363	26104451
24	67443366	19943910
24	67443367	15090522
24	67443367	18761623
24	67443367	19150362
24	67443367	22916289
24	67443369	26098515
24	67443369	26758938
24	67443370	26098515
24	67443370	26758938
24	67443374	16292354
24	67443379	22522703
24	67443380	20206133
24	67443381	10861223
24	67443381	12080059
24	67443382	9886293
24	67443383	28409190
24	67443384	21082706
24	67443384	24936059
24	67443390	1849603
24	67443396	23671590
24	67443396	28559295
24	67443398	15124630
24	67443403	9492268
24	67443403	10671439
24	67443403	12773378
24	67443415	22194940
24	67443415	30352106
24	67443415	39136457
24	67443416	9367855
24	67443416	14660578
24	67443416	16199558
24	67443422	19927321
24	67443423	11557134
24	67443429	23999300
24	67443432	10518023
24	67443432	10869070
24	67443433	8655509
24	67443435	35817891
24	67443437	7748903
24	67443437	10800595
24	67443437	17109392
24	67443437	17504214
24	67443438	9190799
24	67443440	23239623
24	67443440	29100052
24	67443441	25686373
24	67443441	26416626
24	67443445	1409539
24	67443447	9337869
24	67443448	8755589
24	67443451	10426958
24	67443451	18043855
24	67443454	7751290
24	67443454	9182530
24	67443454	10799476
24	67443454	11200221
24	67443456	15925900
24	67443463	2034228
24	67443463	9799245
24	67443463	10696113
24	67443463	11418764
24	67443463	15718233
24	67443465	17214547
24	67443465	22466966
24	67443465	24056943
24	67443468	15186427
24	67443468	24367266
24	67443481	12826405
24	67443483	15808743
24	67443484	8152377
24	67443484	9860944
24	67443484	11738040
24	67443485	18420655
24	67443486	11557134
24	67443487	15581572
24	67443487	16378245
24	67443492	9244280
24	67443493	12660720
24	67443494	10781607
24	67443496	14757766
24	67443498	23671590
24	67443499	8257110
24	67443499	15808743
24	67443499	19047729
24	67443500	7674922
24	67443503	34424339
24	67443507	9047358
24	67443507	9442895
24	67443508	8433990
24	67443508	12054856
24	67443510	10966457
24	67443510	11226872
24	67443510	31100988
24	67443511	24531462
24	67443514	3521591
24	67443514	8112347
24	67443514	10800595
24	67443515	21320184
24	67443515	28646159
24	67443516	10049388
24	67443518	14729701
24	67443520	8253682
24	67443520	21203399
24	67443520	21450087
24	67443522	8661920
24	67443522	20171584
24	67443525	7891558
24	67443525	9880817
24	67443527	7891558
24	67443527	9880817
24	67443528	9880817
24	67443533	34413462
24	67443534	34413462
24	67443536	9695921
24	67443536	16387657
24	67443537	9695921
24	67443537	16387657
24	67443538	9695921
24	67443538	16387657
24	67443541	22194412
24	67443543	9829994
24	67443543	9849875
24	67443544	25732341
24	67443544	32513722
24	67443545	21642464
24	67443545	22484176
24	67443545	31594927
24	67443546	11888165
24	67443547	2644268
24	67443547	14522589
24	67443547	27249779
24	67443548	31594927
24	67443550	2954162
24	67443550	28320882
24	67443551	11953757
24	67443554	26246409
24	67443554	31866287
24	67443554	33774036
24	67443557	2007606
24	67443557	7757004
24	67443557	24462575
24	67443565	1323044
24	67443565	2002065
24	67443565	4604873
24	67443568	1554361
24	67443568	2040429
24	67443569	7857927
24	67443569	8356049
24	67443569	11514662
24	67443572	11749542
24	67443577	9862805
24	67443577	19181797
24	67443579	3521591
24	67443579	8112347
24	67443579	10800595
24	67443581	9480764
24	67443581	10368284
24	67443584	12198486
24	67443586	23403214
24	67443586	26234418
24	67443586	26758938
24	67443588	28409190
24	67443589	12198486
24	67443590	30698741
24	67443591	17723295
24	67443591	18535149
24	67443592	24638992
24	67443592	25750732
24	67443594	12717027
24	67443595	7742302
24	67443595	12604210
24	67443595	19011748
24	67443595	19011750
24	67443596	35263023
24	67443598	2060763
24	67443601	11732895
24	67443605	10419476
24	67443605	11583838
24	67443606	16889794
24	67443608	9748343
24	67443608	15158709
24	67443609	17880186
24	67443611	8805537
24	67443612	3294796
24	67443612	18164727
24	67443613	2670682
24	67443613	3514575
24	67443615	10779706
24	67443615	15313617
24	67443616	18361456
24	67443617	10966457
24	67443617	11226872
24	67443617	31100988
24	67443621	15558583
24	67443622	21724888
24	67443622	24372594
24	67443623	21724888
24	67443623	24081321
24	67443627	11375153
24	67443628	9278382
24	67443628	9507001
24	67443628	9537504
24	67443629	8152377
24	67443629	9860944
24	67443629	11738040
24	67443630	16166544
24	67443633	10498949
24	67443633	28670937
24	67443634	9075641
24	67443637	15355966
24	67443637	16042411
24	67443638	10886369
24	67443639	7548026
24	67443639	8203016
24	67443639	8692991
24	67443639	14625683
24	67443640	20691189
24	67443640	25447517
24	67443640	28186120
24	67443642	14594835
24	67443645	3537960
24	67443650	28409190
24	67443655	18165013
24	67443655	20738376
24	67443659	1409539
24	67443659	12369917
24	67443660	23564172
24	67443661	23413030
24	67443666	12759755
24	67443667	10943564
24	67443668	17109392
24	67443669	14707128
24	67443670	26098515
24	67443670	26758938
24	67443672	10430574
24	67443672	11097879
24	67443672	12183585
24	67443672	14702326
24	67443672	16111681
24	67443672	16458324
24	67443673	9707123
24	67443673	24265841
24	67443676	15937904
24	67443676	16698547
24	67443681	11319236
24	67443681	11432781
24	67443681	16877383
24	67443684	12732309
24	67443687	10747806
24	67443687	32871103
24	67443689	12823819
24	67443690	12823819
24	67443690	20888319
24	67443695	31075979
24	67443705	8436113
24	67443705	15498577
24	67443707	8892832
24	67443709	8257110
24	67443709	19047729
24	67443712	10430882
24	67443712	12269828
24	67443712	15660995
24	67443716	11208798
24	67443716	11264293
24	67443717	12634849
24	67443718	8366040
24	67443718	9654139
24	67443718	12795595
24	67443719	3062174
24	67443719	3528746
24	67443720	9422600
24	67443731	18550538
24	67443731	21531723
24	67443735	14663077
24	67443737	10049386
24	67443738	9433123
24	67443738	12518043
24	67443742	8367727
24	67443742	10474190
24	67443742	19383799
24	67443743	10455109
24	67443743	12781516
24	67443744	16678201
24	67443746	8550441
24	67443746	16249258
24	67443746	16920715
24	67443746	18034161
24	67443746	20346719
24	67443746	31740493
24	67443748	8631667
24	67443749	26507882
24	67443750	1644759
24	67443754	10600385
24	67443754	11243794
24	67443754	15388861
24	67443754	16155581
24	67443754	16189106
24	67443756	14519207
24	67443756	17187687
24	67443756	23825549
24	67443756	25243119
24	67443756	29625546
24	67443757	3139629
24	67443757	16179394
24	67443758	7657641
24	67443758	8331068
24	67443758	19440203
24	67443760	1909328
24	67443760	31594927
24	67443763	11260474
24	67443763	31594927
24	67443766	15581572
24	67443766	16378245
24	67443767	12549933
24	67443767	16871210
24	67443772	8591046
24	67443774	10498949
24	67443774	28670937
24	67443775	20944214
24	67443778	20044937
24	67443779	2903857
24	67443781	10966457
24	67443782	11038360
24	67443782	11918818
24	67443782	14663078
24	67443782	15255893
24	67443782	17010379
24	67443783	29995998
24	67443789	7699720
24	67443792	9868367
24	67443793	9775386
24	67443795	15037234
24	67443795	18208389
24	67443796	15019790
24	67443796	35325168
24	67443797	1868094
24	67443797	2015825
24	67443797	2823881
24	67443798	10940244
24	67443798	15581578
24	67443798	26818562
24	67443798	27367672
24	67443805	12560550
24	67443806	8637872
24	67443808	11325948
24	67443808	11683626
24	67443808	12741811
24	67443808	12824188
24	67443808	15995199
24	67443809	32073314
24	67443811	10941792
24	67443812	15969587
24	67443812	31964920
24	67443815	15816170
24	67443816	16287140
24	67443820	8137809
24	67443826	8257110
24	67443826	15808743
24	67443826	19047729
24	67443829	7665490
24	67443829	9211896
24	67443849	10600592
24	67443850	8710508
24	67443850	9068631
24	67443858	9082984
24	67443858	9288963
24	67443860	2165499
24	67443861	15808743
24	67443865	10892750
24	67443868	24019407
24	67443868	26367458
24	67443868	33157039
24	67443880	8895556
24	67443880	9620974
24	67443880	12077433
24	67443880	15699042
24	67443880	15748981
24	67443882	8056770
24	67443882	10561552
24	67443886	9108043
24	67443886	9363943
24	67443886	18658243
24	67443887	12486730
24	67443887	16740939
24	67443887	19594923
24	67443896	10331872
24	67443896	18641143
24	67443896	23333297
24	67443899	7674922
24	67443900	1464374
24	67443900	10228556
24	67443900	27664121
24	67443905	12826405
24	67443908	10610760
24	67443908	11676534
24	67443908	17803943
24	67443912	8132556
24	67443913	19604474
24	67443913	26438537
24	67443918	10861223
24	67443918	11231004
24	67443920	10762256
24	67443923	9811664
24	67443923	10348868
24	67443927	9125495
24	67443928	22965231
24	67443929	9813126
24	67443932	28409190
24	67443933	28238256
24	67443935	20206133
24	67443936	14713336
24	67443936	15123823
24	67443943	2060763
24	67443945	8506149
24	67443947	12354616
24	67443947	12748858
24	67443947	33668649
24	67443949	12524212
24	67443949	15558583
24	67443951	9868367
24	67443954	30478085
24	67443954	31390865
24	67443955	12100548
24	67443955	12411491
24	67443955	12730166
24	67443962	9886293
24	67443964	8257110
24	67443964	15808743
24	67443964	19047729
24	67443965	19940917
24	67443969	22532809
24	67443970	20400539
24	67443973	12504684
24	67443977	2017136
24	67443978	18573177
24	67443983	7790052
24	67443983	10417167
24	67443983	23674613
24	67443986	24214967
24	67443987	12100548
24	67443987	12897137
24	67443989	1325384
24	67443989	21775474
24	67443989	22378793
24	67443990	25871919
24	67443990	32343306
24	67443992	10387030
24	67443994	2494074
24	67443994	3303031
24	67443996	3053720
24	67443996	22310642
24	67444000	9175471
24	67444000	10940244
24	67444000	15581578
24	67444003	14756576
24	67444005	15779043
24	67444010	28409190
24	67444012	7502041
24	67444012	10430865
24	67444014	9445404
24	67444015	10217763
24	67444016	17597585
24	67444017	1409539
24	67444018	4364940
24	67444018	16964504
24	67444019	10220322
24	67444019	11796111
24	67444020	10455032
24	67444022	31214985
24	67444022	31792365
24	67444023	19208647
24	67444026	2542219
24	67444029	17114947
24	67444029	17466622
24	67444030	10846211
24	67444030	16965515
24	67444030	28583947
24	67444030	32080219
24	67444031	7910936
24	67444031	8100567
24	67444031	8934665
24	67444031	8936306
24	67444031	12071715
24	67444031	12493825
24	67444031	15288787
24	67444032	17217963
24	67444034	15247431
24	67444034	23617613
24	67444039	8885411
24	67444039	11279147
24	67444039	12595729
24	67444039	14705034
24	67444040	11847124
24	67444042	10734219
24	67444042	17628145
24	67444044	11557134
24	67444046	12535077
24	67444047	12535077
24	67444060	32073314
24	67444061	12374972
24	67444063	12151332
24	67444070	9305629
24	67444070	9826342
24	67444071	12909636
24	67444071	12949492
24	67444072	12731872
24	67444074	16107329
24	67444075	17113994
24	67444081	8650541
24	67444081	8987394
24	67444084	1581309
24	67444084	8500619
24	67444085	10529352
24	67444085	19234479
24	67444085	24638992
24	67444085	25750732
24	67444085	26517916
24	67444103	9287004
24	67444103	10627041
24	67444103	20584082
24	67444104	9287004
24	67444104	10627041
24	67444104	20584082
24	67444105	18361456
24	67444106	8830233
24	67444107	8830253
24	67444107	9244263
24	67444107	9614972
24	67444107	12867450
24	67444109	10368280
24	67444109	11005826
24	67444109	11095707
24	67444109	11170457
24	67444109	20550916
24	67444109	21606337
24	67444112	8525056
24	67444114	7875316
24	67444116	7754395
24	67444116	8550522
24	67444116	8590465
24	67444116	9144792
24	67444116	9878395
24	67444117	21454485
24	67444117	21471196
24	67444118	17588214
24	67444125	10200953
24	67444125	16030220
24	67444125	17250770
24	67444125	21449614
24	67444128	16646971
24	67444131	11700352
24	67444132	11700352
24	67444133	2166030
24	67444133	8606150
24	67444133	10376820
24	67444133	10931835
24	67444133	15226302
24	67444136	9235953
24	67444136	9383197
24	67444136	9383201
24	67444137	9235953
24	67444137	9383197
24	67444137	9383201
24	67444140	15500694
24	67444143	15500694
24	67444145	9084178
24	67444148	9573151
24	67444150	17250770
24	67444151	1584020
24	67444151	8987397
24	67444151	20132437
24	67444153	7699720
24	67444160	14584729
24	67444160	21963112
24	67444160	22672910
24	67444160	26339031
24	67444162	10966457
24	67444162	16176121
24	67444163	10339418
24	67444163	31374212
24	67444170	8002587
24	67444173	9324257
24	67444173	29076571
24	67444176	9335288
24	67444176	11325943
24	67444179	10894728
24	67444180	12813095
24	67444181	15170400
24	67444184	33882274
24	67444184	34579566
24	67444185	8830233
24	67444188	8861212
24	67444190	8195064
24	67444190	9488388
24	67444190	11230454
24	67444192	2190210
24	67444192	7648320
24	67444193	2190210
24	67444193	7648320
24	67444196	11554792
24	67444196	25248745
24	67444196	26871950
24	67444201	10850984
24	67444201	15271959
24	67444202	21604306
24	67444205	9115443
24	67444205	28777083
24	67444207	8200538
24	67444208	17537210
24	67444208	19136588
24	67444208	19383707
24	67444211	19592588
24	67444218	12504684
24	67444218	12826405
24	67444219	10200966
24	67444219	19833706
24	67444220	9128139
24	67444222	8805533
24	67444223	7742302
24	67444223	12604210
24	67444223	19011748
24	67444223	19011750
24	67444224	18059524
24	67444226	16684771
24	67444227	16684771
24	67444227	19483088
24	67444228	16684771
24	67444229	15790564
24	67444229	16286454
24	67444229	16421095
24	67444229	16684771
24	67444230	14617187
24	67444230	14960321
24	67444230	16286454
24	67444230	16684771
24	67444230	17893902
24	67444231	22931285
24	67444236	32073314
24	67444237	12374972
24	67444238	18165013
24	67444238	20738376
24	67444239	9068659
24	67444241	9274021
24	67444245	22367867
24	67444246	8208731
24	67444246	8548458
24	67444247	10200156
24	67444247	18312263
24	67444247	25706619
24	67444248	6284744
24	67444248	22718974
24	67444249	16963571
24	67444249	17905831
24	67444251	10517866
24	67444251	21153002
24	67444251	22404999
24	67444251	30708253
24	67444253	11752431
24	67444254	19164570
24	67444255	8973346
24	67444255	15612916
24	67444257	15498024
24	67444257	22399287
24	67444257	27856537
24	67444257	27899452
24	67444257	34188059
24	67444259	9309218
24	67444261	14697267
24	67444261	15951572
24	67444261	19478949
24	67444262	9175471
24	67444262	11893502
24	67444263	9175471
24	67444263	11893502
24	67444266	9175471
24	67444266	11893502
24	67444267	24638992
24	67444267	25750732
24	67444267	26517916
24	67444268	11119645
24	67444272	12626684
24	67444274	28524849
24	67444278	25857636
24	67444279	10982859
24	67444279	14512736
24	67444279	22353788
24	67444280	8056770
24	67444280	10561552
24	67444281	11215509
24	67444283	12142488
24	67444284	27426274
24	67444285	11418582
24	67444285	28824574
24	67444286	19966467
24	67444287	12975589
24	67444289	3533720
24	67444289	8789257
24	67444289	12730170
24	67444290	8757728
24	67444290	22142238
24	67444290	29282292
24	67444292	8257110
24	67444292	19047729
24	67444296	12403464
24	67444296	12730187
24	67444300	25163754
24	67444313	9735295
24	67444313	10387002
24	67444314	11129791
24	67444314	11529502
24	67444324	28409190
24	67444326	22605777
24	67444326	31230411
24	67444327	9382818
24	67444327	15009198
24	67444327	18165013
24	67444327	20738376
24	67444329	15124630
24	67444332	11158544
24	67444332	11283303
24	67444332	30712672
24	67444334	3098560
24	67444336	4148765
24	67444338	3600756
24	67444338	8176748
24	67444339	8230224
24	67444339	8676382
24	67444341	22605777
24	67444341	31230411
24	67444343	3275660
24	67444343	3317277
24	67444343	11114335
24	67444343	12475234
24	67444343	12554880
24	67444343	14970394
24	67444343	15970591
24	67444352	26305456
24	67444355	18650935
24	67444356	22001565
24	67444357	9722651
24	67444357	16026761
24	67444358	29256853
24	67444360	11080641
24	67444362	12756329
24	67444362	15135053
24	67444363	10694574
24	67444363	20189102
24	67444365	11972052
24	67444365	15165235
24	67444367	15157079
24	67444368	12218018
24	67444368	16390452
24	67444369	12634339
24	67444369	12782327
24	67444371	18319726
24	67444376	11779873
24	67444376	12907714
24	67444376	15016356
24	67444376	15181002
24	67444376	15766524
24	67444376	17085441
24	67444379	23001660
24	67444382	1309518
24	67444389	15522084
24	67444389	15949864
24	67444389	16950922
24	67444390	2201683
24	67444390	12686103
24	67444391	11344138
24	67444392	8257110
24	67444392	19047729
24	67444393	17597585
24	67444398	26098515
24	67444398	26758938
24	67444401	10941792
24	67444402	32073314
24	67444404	11429455
24	67444404	28391181
24	67444406	8257110
24	67444406	15808743
24	67444406	19047729
24	67444409	15307895
24	67444412	31358606
24	67444413	8880900
24	67444413	16596388
24	67444413	19290553
24	67444415	26627657
24	67444422	8289782
24	67444423	25837850
24	67444425	16275737
24	67444425	21958115
24	67444425	24161944
24	67444427	30710060
24	67444428	28561029
24	67444429	30710060
24	67444430	1409539
24	67444430	12369917
24	67444432	10699510
24	67444435	1322661
24	67444438	25082345
24	67444438	28424521
24	67444440	25636454
24	67444440	30076302
24	67444441	35418955
24	67444442	17965156
24	67444444	6394953
24	67444444	8989316
24	67444444	9208917
24	67444444	10742169
24	67444446	9422595
24	67444447	1374802
24	67444447	28914580
24	67444448	11040219
24	67444452	10074070
24	67444452	10698927
24	67444452	10954595
24	67444456	12037319
24	67444456	12176385
24	67444458	12429100
24	67444458	27732863
24	67444464	34032212
24	67444474	11200227
24	67444474	12837776
24	67444474	22995830
24	67444474	26018081
24	67444474	26160547
24	67444475	22923517
24	67444475	26508479
24	67444476	1409567
24	67444477	10572129
24	67444477	11313137
24	67444477	11882645
24	67444477	12766153
24	67444479	16511207
24	67444479	20807199
24	67444479	23273979
24	67444479	30885931
24	67444480	1779764
24	67444485	15775966
24	67444485	16155584
24	67444485	16277600
24	67444486	18424520
24	67444487	8505303
24	67444487	8505304
24	67444489	9618584
24	67444489	17337586
24	67444489	22238375
24	67444489	22829778
24	67444491	2644207
24	67444495	19100272
24	67444496	15547281
24	67444496	25611823
24	67444498	8349643
24	67444498	10403368
24	67444499	2828880
24	67444499	6806564
24	67444501	24214945
24	67444505	22367867
24	67444510	12151216
24	67444512	11222749
24	67444512	11988770
24	67444515	12826405
24	67444516	1748997
24	67444516	7885481
24	67444516	10838565
24	67444518	7868596
24	67444518	9622348
24	67444519	1601874
24	67444521	17113994
24	67444522	4358555
24	67444522	5339592
24	67444522	9174345
24	67444522	10089390
24	67444522	11729189
24	67444522	15322282
24	67444523	9174345
24	67444523	10089390
24	67444523	11729189
24	67444523	15322282
24	67444524	9098082
24	67444524	9398235
24	67444528	35751426
24	67444537	7860601
24	67444541	11441022
24	67444542	24638992
24	67444542	25750732
24	67444543	24638992
24	67444543	25750732
24	67444544	18092946
24	67444545	1593636
24	67444545	2668277
24	67444545	8369296
24	67444545	8939751
24	67444548	29371424
24	67444554	8658133
24	67444554	9609686
24	67444554	12763042
24	67444554	25058675
24	67444555	11432728
24	67444556	10813833
24	67444556	14530268
24	67444556	16087664
24	67444556	23185990
24	67444558	10330610
24	67444559	17321544
24	67444559	23770122
24	67444563	12732303
24	67444565	9721273
24	67444568	11823641
24	67444568	14600218
24	67444568	15223057
24	67444568	17379722
24	67444568	19299134
24	67444571	8830233
24	67444573	24638992
24	67444573	25750732
24	67444574	24638992
24	67444574	25750732
24	67444576	32073314
24	67444582	31075979
24	67444583	10940244
24	67444583	15581578
24	67444583	26818562
24	67444583	27367672
24	67444584	17109392
24	67444585	10091672
24	67444586	16361710
24	67444586	20154137
24	67444586	24291792
24	67444586	29424242
24	67444588	11867724
24	67444590	21705528
24	67444590	30123203
24	67444592	8090199
24	67444592	10322433
24	67444594	9126850
24	67444597	7909302
24	67444598	18165013
24	67444598	20738376
24	67444601	7732001
24	67444607	27520814
24	67444611	24638992
24	67444611	25750732
24	67444612	8898392
24	67444612	24638992
24	67444612	25750732
24	67444617	8002605
24	67444617	8226631
24	67444617	8765742
24	67444617	9149147
24	67444617	9882667
24	67444624	15184554
24	67444633	28409190
24	67444634	18776016
24	67444635	12907714
24	67444637	10498949
24	67444637	28670937
24	67444638	20463026
24	67444644	2670946
24	67444644	7569952
24	67444644	8347657
24	67444644	26088143
24	67444645	26088143
24	67444646	1633824
24	67444646	1932078
24	67444646	3525165
24	67444647	1551908
24	67444647	3891338
24	67444647	8100227
24	67444647	15863102
24	67444655	16647082
24	67444657	24595368
24	67444657	32579605
24	67444657	34646253
24	67444658	7699720
24	67444660	15231782
24	67444660	20380418
24	67444661	11248697
24	67444662	28636601
24	67444662	30478378
24	67444663	17536175
24	67444663	28636601
24	67444663	32955430
24	67444665	8257110
24	67444665	19047729
24	67444667	11119645
24	67444668	1360007
24	67444670	12625841
24	67444687	15808743
24	67444688	16905149
24	67444688	19568747
24	67444689	15470119
24	67444689	16040611
24	67444689	37095238
24	67444690	15470119
24	67444690	16040611
24	67444690	37095238
24	67444693	9382818
24	67444693	15009198
24	67444693	18165013
24	67444693	20738376
24	67444696	9288744
24	67444707	10940244
24	67444707	15581578
24	67444707	26818562
24	67444707	27367672
24	67444709	2013578
24	67444710	22904284
24	67444714	8096212
24	67444715	11669627
24	67444715	20059543
24	67444725	8031825
24	67444726	24638992
24	67444726	25750732
24	67444728	20944205
24	67444731	11967083
24	67444731	14674886
24	67444732	11967083
24	67444732	14674886
24	67444733	19387485
24	67444736	9600930
24	67444736	15491605
24	67444737	7915138
24	67444737	20443544
24	67444737	25383525
24	67444738	8257110
24	67444738	19047729
24	67444742	22492434
24	67444750	16166544
24	67444761	25408351
24	67444769	26246409
24	67444769	31866287
24	67444769	33774036
24	67444770	12369917
24	67444770	19508187
24	67444771	22287519
24	67444771	22609911
24	67444774	3042757
24	67444774	20081027
24	67444781	22522320
24	67444782	28409190
24	67444783	17293419
24	67444785	7937796
24	67444785	8289782
24	67444785	21306995
24	67444791	22731697
24	67444796	1409567
24	67444797	11583838
24	67444798	15317022
24	67444801	16104022
24	67444804	11021970
24	67444807	8257110
24	67444807	19047729
24	67444808	10742277
24	67444808	21569205
24	67444810	24638992
24	67444810	25750732
24	67444811	24638992
24	67444811	25750732
24	67444817	18092946
24	67444820	24638992
24	67444820	25750732
24	67444826	22861350
24	67444827	9782055
24	67444833	9537504
24	67444835	12717027
24	67444839	10941792
24	67444840	32073314
24	67444841	11751054
24	67444841	16213197
24	67444841	19614568
24	67444842	1352512
24	67444842	10843862
24	67444844	20206133
24	67444845	10940244
24	67444845	15581578
24	67444845	26818562
24	67444845	27367672
24	67444846	9309218
24	67444849	22731697
24	67444851	8022275
24	67444851	8198564
24	67444851	12777805
24	67444851	12791143
24	67444855	9792691
24	67444855	10512625
24	67444856	9792691
24	67444856	10512625
24	67444857	26458047
24	67444857	29930203
24	67444858	15681864
24	67444858	20647674
24	67444858	24454955
24	67444861	1495475
24	67444862	12112691
24	67444862	17581233
24	67444862	22378793
24	67444869	15466596
24	67444870	9370338
24	67444870	16243780
24	67444871	11432728
24	67444873	9393724
24	67444875	9382818
24	67444875	15009198
24	67444875	18165013
24	67444875	20738376
24	67444877	12003960
24	67444877	12839745
24	67444879	1956325
24	67444879	7768349
24	67444879	9020587
24	67444880	24095060
24	67444881	7699720
24	67444887	9382818
24	67444887	11119645
24	67444887	15009198
24	67444890	10529352
24	67444891	10404217
24	67444891	21338480
24	67444891	24128931
24	67444895	8647101
24	67444895	9457873
24	67444904	7699720
24	67444905	15102446
24	67444905	17097674
24	67444905	20484776
24	67444906	15231782
24	67444906	20380418
24	67444909	31100988
24	67444910	11590000
24	67444910	11590001
24	67444911	24344868
24	67444911	32153524
24	67444912	18043907
24	67444912	19767835
24	67444914	12177301
24	67444914	17128255
24	67444914	20544974
24	67444914	21764917
24	67444916	9099998
24	67444916	10049365
24	67444916	11441809
24	67444916	12074972
24	67444916	15558583
24	67444917	15613473
24	67444920	24901029
24	67444920	31399587
24	67444922	32073314
24	67444927	33815344
24	67444929	9735295
24	67444929	10387002
24	67444935	9016718
24	67444935	9350875
24	67444936	24638992
24	67444936	25750732
24	67444937	10529352
24	67444938	12533464
24	67444942	12151332
24	67444943	21199252
24	67444944	9493384
24	67444946	15558583
24	67444949	20559013
24	67444950	19577534
24	67444951	11092853
24	67444955	15581572
24	67444955	16378245
24	67444956	14990749
24	67444956	25420454
24	67444956	25880130
24	67444960	2060763
24	67444961	9636669
24	67444961	10858367
24	67444963	8061609
24	67444964	4364940
24	67444964	16964504
24	67444966	9382818
24	67444966	11119645
24	67444966	15009198
24	67444969	19840771
24	67444969	26546518
24	67444969	28436435
24	67444970	26098515
24	67444970	26758938
24	67444971	15124630
24	67444974	10542406
24	67444974	31522117
24	67444978	9843369
24	67444985	8932712
24	67444986	4928893
24	67444986	16990279
24	67444990	11557134
24	67444993	9190812
24	67444994	8262214
24	67444997	8419294
24	67444999	8100347
24	67445000	8438237
24	67445000	11266368
24	67445004	12211008
24	67445010	16946247
24	67445011	8257110
24	67445011	19047729
24	67445013	15613473
24	67445018	7715456
24	67445018	17215866
24	67445019	9738943
24	67445020	1986310
24	67445020	31594927
24	67445023	14705929
24	67445023	17052729
24	67445024	19683537
24	67445026	25714720
24	67445029	8861212
24	67445030	8195064
24	67445030	9488388
24	67445030	11230454
24	67445031	2190210
24	67445031	7648320
24	67445032	2190210
24	67445032	7648320
24	67445041	15170400
24	67445041	16428388
24	67445045	8200538
24	67445046	17537210
24	67445046	19136588
24	67445046	19383707
24	67445050	15687208
24	67445053	33882274
24	67445053	34579566
24	67445054	8830233
24	67445056	1447979
24	67445056	8885278
24	67445056	15805535
24	67445056	16547037
24	67445057	9324257
24	67445057	29076571
24	67445060	8002587
24	67445062	7568029
24	67445062	16630630
24	67445062	24699637
24	67445062	25372605
24	67445063	25082345
24	67445063	28424521
24	67445066	6280140
24	67445067	22731697
24	67445068	18203837
24	67445072	12823825
24	67445072	28373867
24	67445074	10194362
24	67445074	18269631
24	67445074	23426375
24	67445076	37821449
24	67445077	16428423
24	67445077	16603772
24	67445077	28436221
24	67445079	7665501
24	67445079	8436121
24	67445079	8727319
24	67445080	12196144
24	67445082	7928957
24	67445087	11589692
24	67445090	11557134
24	67445095	11119645
24	67445095	11557134
24	67445095	15063857
24	67445095	15075296
24	67445095	15142243
24	67445095	15569936
24	67445095	16923812
24	67445095	18366254
24	67445095	21757706
24	67445097	21554724
24	67445097	27777572
24	67445097	28559279
24	67445100	10440380
24	67445101	31451505
24	67445102	8552646
24	67445102	9041652
24	67445102	9260289
24	67445109	9581571
24	67445110	9581571
24	67445115	11719193
24	67445115	14527419
24	67445115	22638584
24	67445117	8257110
24	67445117	19047729
24	67445120	15293241
24	67445125	1711031
24	67445125	11531998
24	67445127	14624641
24	67445128	8805533
24	67445129	9461611
24	67445129	22287543
24	67445129	27183196
24	67445130	9886293
24	67445133	32457103
24	67445134	9259571
24	67445134	18369234
24	67445135	9259571
24	67445135	18369234
24	67445137	2060763
24	67445140	14702315
24	67445141	17567742
24	67445142	11557134
24	67445146	14624641
24	67445147	9190799
24	67445150	12524212
24	67445150	15558583
24	67445151	7881552
24	67445151	9159398
24	67445151	11594757
24	67445151	12511488
24	67445151	17302814
24	67445159	19158382
24	67445166	10529352
24	67445166	19234479
24	67445166	24638992
24	67445166	25750732
24	67445166	26517916
24	67445167	10529352
24	67445167	19234479
24	67445167	24638992
24	67445167	25750732
24	67445167	26517916
24	67445173	22247134
24	67445174	1584788
24	67445174	9045651
24	67445174	10931886
24	67445175	31214985
24	67445175	31792365
24	67445180	15070401
24	67445186	19965768
24	67445190	28708841
24	67445190	33315009
24	67445191	11432728
24	67445192	9309218
24	67445195	15333955
24	67445195	21402925
24	67445201	1309529
24	67445201	3026317
24	67445201	15299895
24	67445211	1649049
24	67445225	2006187
24	67445225	2118597
24	67445225	2570068
24	67445225	8861937
24	67445225	26098317
24	67445225	32470559
24	67445230	10940244
24	67445230	15581578
24	67445230	26818562
24	67445230	27367672
24	67445233	21606337
24	67445235	9175471
24	67445238	14697267
24	67445238	19478949
24	67445243	30767847
24	67445244	30767847
24	67445245	30767847
24	67445246	30767847
24	67445247	30767847
24	67445248	19324092
24	67445249	30767847
24	67445250	12654803
24	67445250	19217396
24	67445251	30767847
24	67445255	8289782
24	67445263	8289782
24	67445264	12596263
24	67445264	20855540
24	67445265	11432728
24	67445266	8257110
24	67445266	19047729
24	67445268	8257110
24	67445268	15808743
24	67445268	19047729
24	67445269	1406279
24	67445269	2174861
24	67445269	12065481
24	67445282	23746257
24	67445283	8939424
24	67445283	10652088
24	67445284	8890912
24	67445285	14679220
24	67445286	11884747
24	67445287	8939424
24	67445287	10652088
24	67445288	8890912
24	67445289	14679220
24	67445290	11884747
24	67445296	26098515
24	67445296	26758938
24	67445297	8257110
24	67445297	19047729
24	67445298	18165013
24	67445298	20738376
24	67445304	10931886
24	67445305	12675791
24	67445305	15808743
24	67445306	8057835
24	67445310	8257110
24	67445310	15808743
24	67445310	19047729
24	67445311	17760421
24	67445312	18284213
24	67445315	11557134
24	67445316	10966457
24	67445317	7699720
24	67445322	35056454
24	67445324	31376483
24	67445324	33097670
24	67445324	36151380
24	67445324	37014250
24	67445325	36151380
24	67445325	37014250
24	67445326	24211265
24	67445326	29330529
24	67445327	17189261
24	67445327	22535590
24	67445329	18394146
24	67445329	22458729
24	67445331	19695261
24	67445331	21350490
24	67445331	21716286
24	67445331	24317491
24	67445336	7704255
24	67445339	7674922
24	67445339	10493853
24	67445339	17991683
24	67445340	10419476
24	67445340	11583838
24	67445346	8830253
24	67445346	9244263
24	67445346	9614972
24	67445346	12867450
24	67445349	1631169
24	67445349	9973609
24	67445349	10219084
24	67445349	12379841
24	67445349	16646971
24	67445351	1597419
24	67445351	11342130
24	67445351	12200440
24	67445352	11557134
24	67445354	17198377
24	67445355	12234097
24	67445359	11455603
24	67445360	2089225
24	67445360	9371455
24	67445360	10475957
24	67445360	11429458
24	67445360	12029046
24	67445360	26745529
24	67445364	27406907
24	67445366	10943564
24	67445367	12626684
24	67445375	18369469
24	67445375	19028453
24	67445376	7674922
24	67445376	10493853
24	67445382	23945937
24	67445388	19026770
24	67445391	15307895
24	67445400	17321544
24	67445400	23770122
24	67445401	10330610
24	67445405	16990261
24	67445405	17640072
24	67445407	10498949
24	67445407	28670937
24	67445417	10940244
24	67445420	31075979
24	67445423	10529352
24	67445425	12369917
24	67445425	19508187
24	67445426	1864505
24	67445426	1977073
24	67445426	2229036
24	67445426	9872322
24	67445429	31594927
24	67445430	12620121
24	67445433	18361456
24	67445434	10966457
24	67445434	11226872
24	67445434	31100988
24	67445436	20333436
24	67445441	12151332
24	67445446	9148780
24	67445452	1400197
24	67445452	8661920
24	67445459	11173485
24	67445459	11329257
24	67445468	6301339
24	67445468	7961438
24	67445468	12917488
24	67445469	9506522
24	67445470	14584729
24	67445470	21963112
24	67445470	22672910
24	67445470	26339031
24	67445471	12001236
24	67445471	17238915
24	67445472	17062623
24	67445474	23403214
24	67445474	25651061
24	67445474	26098515
24	67445474	26234418
24	67445474	26758938
24	67445477	7699720
24	67445478	18361456
24	67445481	21803992
24	67445482	12831883
24	67445483	25182490
24	69201716	18361456
24	93795800	8341711
24	93795800	16948161
24	97128339	10608856
24	97128339	28636601
24	97128339	30478378
24	97128340	32094585
